1 1 1
1
20 20 50
621 507 44 812 642 229 75 199 651 562 731 205 152 937 360 237 188 100 356 147 
768 944 292 824 959 516 763 921 218 517 827 191 24 223 356 19 452 431 570 456 
994 301 661 498 239 373 87 779 473 796 926 593 740 570 769 699 439 532 621 9 
50 800 201 426 375 909 797 180 340 367 636 686 669 649 537 908 22 624 39 847 
420 317 440 160 888 209 212 327 94 833 336 496 985 889 922 712 798 72 892 491 
439 880 529 108 881 66 368 255 43 407 102 815 725 894 328 613 456 540 292 902 
725 628 398 62 870 672 774 20 744 19 863 536 899 393 644 781 811 365 388 206 
124 843 22 849 737 702 814 545 242 458 799 319 439 197 381 309 222 507 329 318 
526 545 854 426 938 499 559 101 216 947 660 340 790 34 542 880 736 356 777 330 
815 577 649 606 126 382 915 348 889 596 19 416 141 873 194 431 724 105 885 940 
404 545 281 547 579 175 779 315 531 556 997 698 485 646 304 612 380 571 312 621 
168 331 389 661 205 583 93 929 40 330 222 797 875 855 344 454 30 123 121 913 
31 118 612 517 764 268 129 496 192 441 117 360 125 507 373 330 442 818 611 483 
148 833 280 23 40 976 829 70 451 950 984 482 68 948 999 184 568 480 680 760 
922 798 472 399 305 846 729 99 16 692 934 165 526 566 540 566 542 370 989 993 
320 973 476 389 273 827 573 841 308 254 602 582 404 426 981 61 272 62 160 289 
754 95 806 632 661 346 199 556 716 540 549 389 513 377 778 138 557 703 979 865 
309 933 799 713 360 780 126 984 194 287 273 948 734 79 581 747 778 132 303 846 
672 205 235 537 934 365 675 491 69 654 708 378 940 507 444 300 639 570 284 833 
209 910 134 295 341 715 43 119 199 698 318 871 903 553 408 838 919 435 329 988 
89 38 718 381 897 514 681 537 437 318 722 646 228 856 294 921 923 337 41 122 
35 359 345 291 264 753 129 183 188 810 523 630 200 594 11 98 108 45 987 897 
715 709 896 943 566 190 864 841 879 257 964 266 968 309 557 585 415 38 768 955 
849 644 937 401 590 301 499 50 346 486 948 61 196 844 356 114 34 572 955 265 
182 271 531 502 581 441 87 348 479 208 303 680 852 241 82 794 894 933 844 240 
420 792 653 968 988 361 434 374 285 389 639 467 13 523 970 594 964 57 294 795 
265 597 476 469 190 910 263 84 843 460 676 615 604 681 583 593 42 369 967 328 
111 959 147 124 482 117 70 798 527 364 593 792 961 421 614 504 331 229 588 527 
689 265 142 294 298 78 239 693 447 206 21 910 517 520 34 999 638 104 149 517 
468 743 661 430 516 275 934 200 505 874 727 546 491 221 192 790 651 431 483 451 
990 856 361 507 376 396 859 366 852 8 883 321 103 545 103 620 172 389 820 29 
263 899 576 755 472 768 897 124 552 380 927 542 588 640 49 964 388 908 683 241 
269 918 562 372 463 665 992 636 54 812 17 669 63 945 424 536 66 321 12 618 
53 939 160 993 579 561 958 968 470 993 209 739 911 123 463 727 788 456 715 194 
620 732 863 684 678 640 220 744 313 584 362 367 523 874 360 454 435 670 774 257 
15 335 348 927 458 812 654 598 268 721 792 240 453 8 924 131 648 496 227 961 
80 941 680 955 815 393 410 251 415 536 860 431 872 209 710 330 21 716 281 641 
437 73 881 890 433 158 374 81 654 601 43 87 543 75 42 358 468 804 961 884 
341 822 667 213 383 377 895 756 93 176 397 530 602 630 420 35 788 794 469 795 
748 512 882 291 939 276 1 408 81 315 644 422 489 311 635 872 688 882 628 133 
59 377 663 13 7 435 48 148 582 517 943 330 381 177 973 673 453 326 81 534 
641 77 956 130 388 943 354 428 826 982 561 237 359 576 250 719 11 650 867 593 
520 162 923 253 339 248 926 792 575 359 327 568 436 635 699 176 931 53 604 757 
388 517 346 99 93 596 170 457 598 389 50 118 551 326 724 890 574 650 35 501 
10 714 70 798 701 121 975 632 526 931 741 914 449 87 366 894 35 536 351 634 
926 402 104 477 80 180 720 654 831 107 508 193 821 578 991 874 699 966 507 225 
898 248 492 699 336 858 593 723 746 297 709 672 51 166 502 131 346 574 137 529 
681 645 722 854 223 714 728 274 32 587 500 930 836 344 981 524 202 575 247 948 
224 309 973 275 475 827 406 821 401 895 351 434 541 73 640 116 139 720 391 172 
308 243 454 144 587 436 20 141 363 619 441 939 928 766 214 403 593 972 225 346 
20 19 50
867 928 780 408 353 772 525 845 493 268 17 801 863 823 945 450 611 317 943 326 
936 384 265 865 503 479 268 96 451 845 443 671 125 575 79 479 348 956 324 841 
224 693 642 439 868 939 889 480 608 184 158 544 921 424 409 424 255 30 520 59 
227 315 730 353 891 161 832 591 118 508 784 694 553 778 134 421 69 375 253 677 
560 412 221 481 188 983 257 795 13 777 854 240 445 936 945 688 98 777 279 568 
637 415 262 190 193 748 612 262 124 865 939 36 629 512 869 169 495 126 965 860 
255 819 453 700 108 398 740 206 176 371 774 165 786 36 356 979 785 320 593 261 
537 884 297 167 397 166 336 892 644 301 753 899 473 558 952 581 956 692 139 484 
416 913 650 202 301 6 534 438 326 479 699 215 364 348 382 761 866 71 5 510 
724 758 762 549 316 714 130 625 758 621 109 174 534 759 729 188 117 263 626 795 
742 678 11 106 378 745 219 245 816 225 107 893 983 869 442 652 935 925 277 694 
546 738 868 433 498 597 621 967 212 599 763 307 277 774 413 8 519 633 253 688 
858 712 581 193 582 375 197 517 300 826 563 199 565 784 632 415 381 253 382 946 
852 145 253 482 271 18 490 143 651 95 183 861 807 116 407 741 491 604 611 144 
783 174 343 348 958 975 115 692 580 497 638 432 995 891 266 266 909 756 761 913 
203 944 126 363 60 533 104 904 490 715 48 273 242 743 973 200 70 88 892 650 
585 882 434 932 125 701 199 387 809 312 300 365 257 778 728 669 312 184 573 802 
252 973 427 494 68 400 694 138 488 939 788 425 821 575 358 947 276 909 334 437 
573 986 802 830 764 530 852 428 67 777 582 319 751 9 813 819 761 507 310 601 
798 450 379 620 25 89 919 653 350 605 443 923 943 245 106 59 128 958 840 195 
87 422 514 190 784 327 362 897 186 672 499 337 122 230 309 500 319 228 153 669 
185 948 944 480 194 50 539 674 360 379 869 448 154 735 638 938 414 0 187 952 
24 686 289 147 916 598 999 587 178 504 256 363 453 201 843 647 603 735 673 964 
114 894 764 620 629 754 910 43 107 98 995 131 784 285 278 53 235 629 640 414 
134 897 129 587 450 973 586 405 708 259 721 174 153 485 795 782 592 705 177 699 
155 524 830 940 161 461 345 397 90 985 811 224 234 940 811 36 265 397 442 325 
8 163 852 161 1 999 295 945 56 472 644 212 349 474 152 510 287 497 907 378 
834 718 602 69 11 766 105 276 515 899 954 524 415 806 37 416 805 333 713 861 
157 357 73 506 183 225 369 471 74 276 201 909 347 155 330 358 921 787 986 789 
687 940 313 102 746 702 870 903 35 583 765 545 292 838 403 475 416 772 298 842 
49 499 751 748 655 433 458 928 221 444 717 908 737 382 362 835 85 232 739 472 
815 504 17 107 342 421 934 110 545 233 953 594 84 56 694 739 490 152 20 63 
597 737 971 686 472 333 521 557 917 612 29 84 116 399 543 811 172 477 921 717 
62 226 664 147 283 358 238 125 863 258 188 460 348 511 498 820 196 19 377 113 
632 758 197 100 509 740 263 681 569 185 751 632 763 767 131 46 477 369 171 340 
628 711 152 328 222 650 148 418 22 877 883 6 987 80 458 497 172 722 530 94 
259 633 78 22 400 209 69 230 578 592 922 558 304 75 886 878 77 386 297 451 
263 532 457 251 965 916 100 137 638 982 583 249 616 661 271 368 870 340 598 801 
285 873 359 941 948 598 819 377 984 468 829 248 1 286 851 966 554 303 455 544 
285 39 793 901 700 65 270 571 757 220 372 42 93 83 335 393 681 155 771 666 
623 600 266 624 238 117 942 793 420 398 337 57 437 483 959 489 900 581 60 657 
153 784 52 247 220 387 992 901 894 763 919 518 715 185 494 954 654 437 99 426 
835 788 484 624 271 795 113 171 376 526 181 529 662 233 128 882 972 473 136 867 
588 55 737 304 593 231 610 599 20 709 26 207 497 862 183 121 657 297 292 385 
175 825 266 837 58 395 72 383 868 208 602 456 263 339 112 208 922 722 808 295 
431 186 502 281 48 38 402 57 335 46 442 862 872 708 699 282 455 771 665 675 
331 619 484 947 958 948 155 233 671 963 528 454 149 382 735 549 420 489 606 755 
536 400 969 760 461 669 42 268 792 60 296 124 679 780 71 990 728 226 223 751 
542 751 558 43 485 645 593 906 135 551 13 23 304 983 783 765 652 177 33 796 
589 329 920 621 461 343 611 542 570 186 645 464 289 203 507 774 849 452 680 336 
